Селезнёв Арнольд Авдеевич 1994 2 3 4 4 5 3 3
Матвеев Савелий Макарович 1996 1 2 3 2 4 4 2
Антонов Денис Мэлорович 1992 4 1 2 4 4 3 2
Туров Максимилиан Вениаминович 1997 2 2 4 3 5 4 3
Князев Степан Геннадиевич 1993 1 3 3 2 4 4 4
Зайцев Егор Артемович 1994 2 2 3 3 4 5 4
Медведев Валентин Витальевич 1994 2 1 4 3 4 3 4
Филиппов Дональд Михаилович 1997 2 3 5 3 5 3 2
Шубин Вениамин Леонидович 1997 3 3 3 2 4 4 5
Филатов Вадим Георгиевич 1993 3 3 5 3 4 4 4
Кудряшов Тимофей Владленович 1996 2 3 4 4 4 3 3
Королёв Терентий Макарович 1995 1 1 3 3 2 4 2
Кузнецов Наум Яковович 1996 2 3 2 3 2 3 5
Гордеев Герман Улебович 1998 2 2 3 3 3 3 3
Кононов Корнелий Робертович 1996 2 2 4 5 3 3 4
Иванов Кирилл Григорьевич 1998 1 2 2 5 3 5 2
Русаков Иннокентий Станиславович 1994 2 4 5 5 2 5 4
Калашников Донат Артемович 1999 2 3 4 3 3 4 3
Харитонов Исаак Пантелеймонович 1991 3 2 5 5 4 4 4
Никитин Флор Кимович 1996 4 1 2 2 5 2 3