Селезнёв Арнольд Авдеевич 1988 1 6 4 2 4 3 4
Матвеев Савелий Макарович 1982 2 2 4 5 3 3 4
Антонов Денис Мэлорович 1997 3 1 3 5 4 4 3
Туров Максимилиан Вениаминович 2009 1 6 3 3 3 3 4
Князев Степан Геннадиевич 1994 2 5 4 3 4 4 4
Зайцев Егор Артемович 1997 3 4 4 3 4 2 5
Медведев Валентин Витальевич 1992 2 1 3 3 4 5 3
Филиппов Дональд Михаилович 1986 4 4 3 4 3 2 4
Шубин Вениамин Леонидович 1992 3 3 4 3 5 4 4
Филатов Вадим Георгиевич 1983 2 3 3 5 4 4 5
Кудряшов Тимофей Владленович 2004 4 4 5 2 3 3 4
Королёв Терентий Макарович 1990 1 3 5 4 3 4 4
Кузнецов Наум Яковович 2003 2 6 5 4 3 5 3
Гордеев Герман Улебович 2001 2 3 4 4 3 4 4
Кононов Корнелий Робертович 2000 1 3 4 4 3 4 4
Иванов Кирилл Григорьевич 2008 3 4 4 2 3 4 4
Русаков Иннокентий Станиславович 1995 3 4 4 4 3 3 4
Калашников Донат Артемович 1997 5 5 4 4 3 4 4
Харитонов Исаак Пантелеймонович 1996 3 3 3 3 2 3 4
Никитин Флор Кимович 1990 2 3 2 2 3 3 4
Калашников Иван Христофорович 2005 4 6 5 4 2 3 5
Ильин Ян Макарович 2004 3 6 4 3 5 4 2
Евсеев Орест Мэлсович 1986 5 4 2 3 3 4 5
Соловьёв Ростислав Еремеевич 2003 4 3 3 3 2 4 4
Андреев Овидий Тимурович 1994 3 3 4 3 4 3 4
Афанасьев Гарри Викторович 1980 4 6 4 4 3 4 3
Костин Натан Антонович 1989 5 6 3 4 2 2 3
Комиссаров Витольд Денисович 1993 3 4 4 5 3 2 3
Смирнов Юстин Романович 1985 1 3 4 3 4 5 3
Шестаков Михаил Аркадьевич 1998 5 2 2 2 4 2 3
Герасимов Игнатий Даниилович 1982 4 2 2 2 3 2 5
Родионов Дмитрий Игнатьевич 1991 5 6 2 3 4 3 4
Дьячков Илларион Юлианович 1994 4 4 3 5 2 3 3
Зуев Юлий Антонович 1983 5 5 2 4 4 3 2
Зиновьев Клим Даниилович 1991 2 4 3 2 4 5 5
Бобров Власий Аркадьевич 2004 2 5 4 3 4 4 3
Волков Сергей Максович 2010 3 2 5 2 5 5 5
Фадеев Зиновий Игнатьевич 2005 3 4 3 4 2 2 2
Гаврилов Валентин Игоревич 2001 3 3 4 5 4 2 3
Куликов Назарий Матвеевич 2009 1 3 5 4 2 2 2
Селиверстов Вилен Семенович 1994 3 4 4 4 5 3 4
Ковалёв Юрий Аркадьевич 1986 3 7 2 3 4 3 3
Авдеев Сергей Данилович 1999 5 5 3 4 3 4 2
Коновалов Болеслав Рубенович 1993 2 4 5 4 2 4 4
Потапов Егор Адольфович 1987 3 6 5 2 3 3 5
Константинов Евгений Федотович 2009 3 6 3 5 4 3 4
Фокин Максимилиан Русланович 1987 4 4 3 5 4 3 4
Денисов Тимофей Аристархович 1987 2 2 2 3 2 3 5
Борисов Бенедикт Антонович 2006 1 7 3 2 4 4 5
Капустин Андрей Валерьянович 1992 4 3 3 2 2 4 3
Артемьева Антонина Игнатьевна 2001 4 6 3 4 2 5 2
Громова Дана Дмитрьевна 1996 4 1 3 4 5 4 4
Воронова Арьяна Тихоновна 1997 3 2 3 3 4 4 4
Логинова Елизавета Михайловна 1992 2 2 3 4 3 4 4
Власова Фия Максовна 1995 3 5 3 5 2 4 3
Ковалёва Крис Вадимовна 1986 3 2 4 3 3 4 2
Козлова Лилу Арсеньевна 2001 3 2 3 3 2 3 4
Зиновьева Оксана Альвиановна 2000 3 5 5 5 5 4 4
Герасимова Нина Ростиславовна 2006 2 4 4 3 5 2 2
Юдина Адель Фроловна 2000 1 4 2 4 3 3 2
Сысоева Мартина Дамировна 1995 1 5 4 4 2 2 4
Александрова Анна Авдеевна 1995 5 4 2 3 3 3 5
Юдина Гера Денисовна 1995 3 4 4 4 2 4 3
Беляева Нега Михайловна 1990 2 6 3 3 3 4 4
Самсонова Чеслава Лукьевна 1991 4 4 2 5 2 3 4
Зайцева Полианна Михаиловна 2002 3 3 3 4 4 5 2
Щукина Авигея Робертовна 2005 2 4 4 3 4 3 5
Кошелева Инесса Макаровна 1997 1 3 2 3 4 3 3
Маркова Богдана Лаврентьевна 1996 4 6 4 4 4 3 5
Герасимова Виктория Егоровна 2006 5 6 2 4 3 4 3
Лыткина Андриана Святославовна 2008 2 4 3 4 2 4 2
Кириллова Силика Егоровна 2005 4 5 2 2 3 5 4
Гришина Рая Тихоновна 1990 2 5 2 2 3 2 4
Горшкова Агния Артемовна 1997 3 2 4 3 5 4 3
Гордеева Айлин Максовна 1990 3 4 4 4 3 3 3
Белякова Алёна Геннадиевна 2006 5 6 3 3 4 4 4
Хохлова Сусанна Лаврентьевна 1991 4 1 4 4 3 3 3
Шашкова Береслава Тарасовна 1994 5 5 2 3 3 4 4
Власова Святослава Витальевна 1997 3 5 4 2 4 3 4
Комарова Вера Прокловна 1997 1 3 3 4 3 2 2
Ковалёва Иоанна Митрофановна 1989 3 6 4 5 2 4 3
Дорофеева Алевтина Федосеевна 1994 2 5 4 3 5 3 3
Фёдорова Дания Кирилловна 1981 4 7 3 4 4 5 5
Быкова Регина Владимировна 1987 4 4 3 2 4 3 4
Зуева Зинаида Пётровна 1993 2 6 4 3 3 4 4
Баранова Августина Улебовна 2004 5 4 3 4 3 4 3
Сафонова Видана Григорьевна 1986 3 5 5 4 3 4 3
Овчинникова Жасмин Руслановна 1999 2 7 2 4 3 3 3
Яковлева Снежана Яковлевна 1980 5 3 5 5 3 4 5
Осипова Гелла Тихоновна 1996 5 2 5 4 5 5 2
Чернова Мишель Альбертовна 1995 2 6 3 2 5 4 3
Назарова Элеонора Филатовна 2005 2 6 3 3 4 3 2
Русакова Астра Федотовна 1992 4 6 2 4 3 4 2
Маркова Доля Валерьевна 1999 1 4 4 3 2 2 4
Баранова Лунара Евгеньевна 1990 4 3 5 4 2 4 4
Фролова Евгения Серапионовна 2010 1 2 3 2 3 4 4
Морозова Юланта Федотовна 1987 4 2 3 4 4 3 4
Сергеева Глория Лаврентьевна 2000 2 6 3 2 2 4 5
Ларионова Фая Константиновна 2005 3 4 4 3 4 2 5
Родионова Радмила Ефимовна 1988 3 4 4 2 4 2 3
Карпова Ева Кирилловна 1995 5 4 3 4 3 3 2
Соколова Маргарита Тимофеевна 1995 3 6 4 4 3 3 4
Архипова Диана Ивановна 1991 2 2 3 4 3 4 4
Крылова Марианна Александровна 1981 3 5 4 3 3 2 3
Дегтярева Арина Владиславовна 1992 5 7 4 2 3 4 4
Коновалова Софья Кирилловна 2009 2 3 4 5 4 3 3
Петрова Ксения Дмитриевна 1981 3 2 3 4 3 3 2
Фомин Фёдор Константинович 1990 3 3 4 4 4 2 3
Воронцов Дмитрий Кириллович 1994 4 5 2 3 3 2 4
Антонова Элина Антоновна 1996 3 6 4 4 2 3 4
Антонова Эмилия Ибрагимовна 1992 5 2 4 3 3 2 3
Ковалева Софья Дмитриевна 1980 3 5 5 5 4 4 3
Головина Милана Фёдоровна 1981 5 4 3 3 4 2 3
Тимофеева Вероника Тимуровна 1984 2 7 5 3 4 4 5
Макаров Герман Макарович 1984 4 5 3 3 4 4 3
Головина Кристина Антоновна 1996 1 7 4 4 3 5 4
Климова Валерия Глебовна 1996 2 6 3 3 4 4 4
Ковалев Арсений Артемьевич 2002 2 4 3 5 3 3 3
Романов Сергей Леонович 1983 2 1 3 3 3 4 4
Кузнецов Владислав Алексеевич 1988 4 3 5 2 4 4 4
Столярова Варвара Михайловна 1989 1 2 3 4 2 4 2
Афанасьева Софья Дамировна 2002 3 2 5 3 5 3 4
Крючков Илья Михайлович 1999 5 7 2 5 3 3 4
Павловский Андрей Львович 2004 3 5 4 5 2 3 2
Зубков Сергей Александрович 1981 5 1 4 3 2 5 2
Ермакова Анна Егоровна 2002 3 6 4 4 3 3 4
Парфенова София Артемьевна 2002 2 5 2 2 3 3 4
Иванов Илья Даниилович 1989 2 2 3 5 3 3 4
Котова Варвара Денисовна 1994 3 3 4 3 3 3 3
Ананьев Андрей Данилович 1989 5 1 3 3 2 3 4
Шубин Тимур Саввич 1983 3 2 3 3 5 3 4
Дегтярев Николай Денисович 1990 1 1 4 2 2 3 4
Ушакова Виктория Георгиевна 1992 2 4 4 3 2 2 2
Фомичев Михаил Максимович 2003 3 5 2 3 5 3 4
Павлов Артём Александрович 1994 3 3 3 5 3 4 3
Федоров Иван Савельевич 1981 5 6 2 2 2 3 3
Соколов Андрей Владимирович 2009 2 6 3 3 4 4 2
Ермакова Александра Фёдоровна 1987 5 4 4 3 5 5 4
Котов Владислав Родионович 1994 4 5 2 2 4 3 3
Гончарова Дарья Тимуровна 2005 4 5 4 5 4 3 4
Егорова Елизавета Павловна 1993 2 6 4 4 3 4 3
Афанасьев Всеволод Дамирович 2008 2 1 5 4 4 5 4
Соколов Никита Денисович 1991 2 3 2 4 2 3 2
Воронова Софья Данииловна 1991 4 1 5 3 2 5 4
Медведев Марк Романович 1989 4 5 2 2 3 3 3
Панов Кирилл Антонович 1998 3 3 5 2 2 5 4
Коровин Андрей Елисеевич 2003 4 1 5 3 3 2 4
Харитонова Екатерина Александровна 2008 2 3 4 4 2 3 4
Куликова Милана Александровна 1991 1 2 4 5 3 4 4
Фролова Ксения Тихоновна 1998 3 6 4 3 3 2 4
Захарова Алиса Артемьевна 1990 3 1 4 5 2 3 3
Токарева Ева Максимовна 1998 4 4 3 5 2 3 5
Гаврилов Сергей Маркович 1992 3 2 4 2 5 3 2
Волков Роберт Тимурович 2004 4 4 3 4 3 2 3
Чижова Стефания Дамировна 1984 3 5 2 4 5 5 5
Кузнецова Екатерина Давидовна 2003 2 1 4 3 4 3 3
Морозов Руслан Даниилович 2004 3 4 4 2 5 5 3
Смирнова Анастасия Марсельевна 2000 4 5 4 2 5 3 5
Шаповалов Тимур Ильич 1990 3 4 5 4 4 2 5
Андреев Вячеслав Тигранович 1984 4 1 5 4 3 3 5
Ковалева Диана Павловна 1989 5 6 4 4 2 4 3
Нефедова Варвара Данииловна 2005 3 3 3 4 4 3 2
Соколов Григорий Даниилович 1990 2 4 3 4 4 4 4
Руднева Софья Михайловна 1993 3 6 5 4 4 3 3
Булгакова Диана Александровна 1983 3 3 4 4 2 4 4
Самсонов Тимофей Филиппович 1991 2 6 2 3 4 4 5
Кириллов Глеб Маркович 2007 3 7 3 4 2 4 3
Мальцев Фёдор Адамович 1994 3 5 5 4 2 4 2
Соколов Андрей Петрович 1981 2 2 2 5 3 2 2
Гончаров Лев Иванович 1983 4 5 4 3 3 4 5
Алексеев Ярослав Ильич 1988 3 3 3 5 3 5 3
Фролов Иван Олегович 2000 2 6 4 3 4 4 4
Беляев Эмиль Ильич 1989 4 5 4 4 4 4 4
Васильев Михаил Викторович 1999 2 6 2 5 3 2 3
Соболев Сергей Владимирович 1983 3 5 5 4 3 5 4
Зотов Александр Григорьевич 1983 2 4 4 4 2 3 3
Некрасова Ирина Артёмовна 1982 4 4 4 3 4 4 4
Большакова Милана Николаевна 2008 4 3 3 4 3 2 4
Комарова Вероника Ивановна 2001 5 1 2 4 3 2 4
Казакова Елизавета Егоровна 1988 5 6 5 2 5 5 4
Смирнов Владимир Глебович 2002 4 3 4 4 5 2 4
Платонов Максим Платонович 1994 1 2 4 3 2 2 4
Пименова Алиса Львовна 1998 5 5 2 4 3 3 3
Алексеева Аделина Алексеевна 1992 5 5 4 5 5 4 3
Серебрякова Александра Константиновна 1981 4 4 3 3 3 4 3
Лыкова Елизавета Владимировна 1995 2 7 5 5 4 5 3
Моисеев Артём Платонович 1995 2 5 3 2 5 3 2
Борисов Егор Андреевич 1990 4 4 3 2 2 5 4
Воронин Мирон Егорович 2000 2 6 3 5 2 4 2
Маслов Илья Маркович 2010 3 2 4 3 4 2 3
Пирогов Сергей Денисович 1998 3 3 3 3 2 4 4
Артемов Дмитрий Романович 1994 4 3 4 3 5 4 4
Петровская Александра Ильинична 2006 2 5 5 4 2 4 4
Муравьев Никита Максимович 1986 1 2 5 2 3 2 4
Константинов Юрий Львович 1983 2 7 3 3 5 5 5
Смирнова Элина Максимовна 1986 5 3 4 4 4 4 2
Яковлев Даниил Васильевич 1990 2 5 4 2 5 3 4
Леонов Григорий Иванович 1982 4 2 2 3 3 4 4
Некрасова Лидия Макаровна 1994 2 2 3 3 5 4 5
Субботина Марьяна Александровна 1988 3 4 4 5 3 3 3
Лазарева Амелия Владиславовна 2005 2 6 3 4 5 3 3
Жуков Артём Дмитриевич 1994 5 3 4 4 5 5 3
Давыдов Вадим Глебович 1989 4 7 4 4 4 5 5
Степанов Лев Александрович 1986 4 5 4 3 3 2 5
Семенова Дарья Захаровна 1989 4 7 4 3 3 2 4
Сомов Денис Артёмович 1986 4 3 4 4 3 4 5
Ушаков Лев Билалович 1983 3 1 4 4 4 2 4
Козлова Кристина Сергеевна 2001 2 6 4 5 3 4 4
Плотников Демид Семёнович 1981 4 7 4 3 3 3 5
Черняев Иван Михайлович 1992 4 1 2 5 3 4 3
Черная София Егоровна 1988 5 6 2 5 2 2 3
Еремин Артём Семёнович 1985 4 4 4 4 3 3 4
Никонов Вячеслав Максимович 1993 5 4 3 2 5 4 5
Михеев Максим Михайлович 2007 3 5 3 4 2 4 2
Трофимова Вероника Евгеньевна 2005 2 2 5 3 5 2 3
Бочарова Варвара Максимовна 1999 3 3 4 4 3 4 3
Литвинов Тигран Давидович 1983 2 2 2 2 2 3 3
Лебедев Михаил Егорович 2001 3 4 3 3 3 4 3
Ефимов Тимофей Романович 1989 1 6 2 5 4 2 4
Котов Артём Александрович 2000 4 1 3 5 2 3 2
Лапшин Сергей Петрович 2003 4 5 4 5 4 2 2
Горбунова Майя Тимуровна 2003 3 4 2 3 5 3 5
Шаров Михаил Никитич 1994 5 4 3 2 5 2 3
Архипова Марьям Дмитриевна 1993 1 5 2 4 2 5 2
Ковалев Александр Степанович 1989 4 3 4 3 4 2 4
Иванова Вероника Глебовна 2001 3 4 2 4 3 5 5
Кудряшова Анна Романовна 1992 5 3 4 4 4 5 3
Соколов Артём Денисович 1995 3 3 2 3 3 3 3
Троицкая Диана Тимофеевна 2009 3 2 5 3 3 5 3
Семенова Полина Романовна 2000 1 5 3 5 5 4 3
Матвеев Иван Андреевич 2005 2 4 4 3 5 2 3
Михеев Иван Артёмович 1983 2 6 3 4 3 4 5
Гусева Арина Юрьевна 2010 3 6 3 5 5 3 4
Михайлов Владимир Александрович 2002 3 5 3 3 3 4 4
Давыдова Алиса Ярославовна 2006 3 3 4 4 5 3 3
Макеев Егор Александрович 2000 3 4 4 3 3 3 3
Кузнецов Павел Ильич 2010 4 5 2 3 4 3 2
Тарасов Савелий Артурович 1995 3 2 3 5 4 2 4
Панова Ева Алексеевна 1985 5 5 4 4 3 4 3
Иванов Дмитрий Иванович 1997 3 3 3 2 5 3 2
Зубов Роман Юрьевич 2001 3 1 3 2 3 5 4
Иванов Рустам Арсентьевич 2000 5 4 3 3 5 3 4
Сидорова Ева Глебовна 2002 3 3 2 2 2 5 5
Кудрявцев Лев Алиевич 1994 5 5 4 5 5 2 2
Поликарпов Артём Демидович 1987 3 5 3 3 4 4 4
Молчанов Кирилл Александрович 2001 2 7 3 4 2 4 5
Павлов Максим Демидович 1981 4 1 4 5 3 5 4
Белов Григорий Павлович 2010 1 3 3 3 4 4 3
Костина Ева Артемьевна 1982 5 6 3 2 5 4 4
Костин Савва Глебович 1988 3 6 4 4 3 5 5
Бочаров Марк Демидович 1991 1 6 2 3 3 2 3
Назарова Вероника Кирилловна 2006 3 6 4 2 4 5 3
Парамонов Павел Иванович 1997 2 4 5 4 4 4 5
Лазарева Мария Артёмовна 1984 4 2 2 5 4 3 3
Захарова Василиса Ярославовна 1984 4 3 4 2 4 4 4
Сухова Ангелина Константиновна 1993 5 1 4 2 5 4 4
Мухин Тимур Захарович 1985 1 6 3 5 4 4 2
Рыбаков Владислав Тимурович 1981 4 3 3 4 5 3 3
Сидоров Ярослав Алексеевич 1983 2 4 3 3 3 3 3
Петухова Дарья Глебовна 1982 5 4 5 4 5 2 2
Фокина Алиса Данииловна 2005 2 2 4 2 5 3 2
Калугина София Лукинична 1997 3 5 3 3 5 4 3
Воробьева Софья Антоновна 2010 4 6 4 5 4 2 3
Логинов Даниэль Никитич 1981 4 2 4 4 3 3 4
Тихонов Георгий Андреевич 1998 5 6 3 2 3 4 5
Севастьянова Аделина Елисеевна 1998 3 4 5 3 3 3 3
Минина Анна Вячеславовна 1995 4 5 4 5 3 4 4
Титова Ева Владимировна 1993 2 4 3 3 3 3 4
Маркин Пётр Романович 2010 3 4 3 3 3 4 2
Воробьев Александр Тимофеевич 2003 3 6 4 3 4 2 2
Коротков Егор Робертович 2005 2 5 3 3 4 4 5
Ковалева Алёна Павловна 2005 1 1 5 5 3 4 2
Соколова Яна Никитична 1983 2 6 4 4 3 3 3
Ильин Александр Ярославович 1992 5 6 5 3 4 4 4
Макарова Елизавета Ярославовна 1987 3 3 4 3 4 3 4
Круглова Виктория Гордеевна 1990 4 4 3 3 5 4 4
Пименова Лидия Данильевна 2000 3 6 3 5 2 4 4
Волкова Милана Игоревна 1999 3 5 3 5 3 5 4
Платонов Давид Николаевич 1986 5 6 4 3 3 3 4
Дмитриев Даниил Егорович 1994 3 6 3 5 2 4 4
Белов Матвей Павлович 2009 2 5 3 4 3 3 3
Киселева Олеся Александровна 1984 4 6 5 3 4 4 2
Хохлов Владислав Вадимович 1991 2 5 3 4 4 4 4
Никитина Анна Львовна 1986 5 3 5 5 4 4 2
Ефимов Илья Николаевич 2005 2 3 4 3 5 2 2
Волков Александр Ярославович 1998 4 2 5 3 4 3 5
Яковлева Мария Тимуровна 2006 3 6 4 5 3 4 2
Дмитриев Савва Миронович 1982 3 6 3 3 3 2 2
Трофимова Виктория Валерьевна 1990 3 4 2 4 4 5 3
Тарасов Даниэль Кириллович 1983 2 4 3 3 3 3 4
Софронов Юрий Александрович 1983 4 1 3 4 3 2 2
Павлов Елисей Денисович 2002 2 2 5 2 2 4 3
Соловьев Александр Александрович 1997 1 6 4 2 3 3 5
Прохоров Михаил Иванович 1995 3 3 3 5 2 3 4
Павлова Анастасия Макаровна 1995 2 3 4 2 5 3 2
Антонов Валерий Николаевич 2007 2 3 4 3 4 2 2
Кузьмина Сафия Марковна 1987 5 2 4 3 3 3 5
Розанов Сергей Маркович 1981 4 4 4 2 3 2 2
Хохлова Виктория Ильинична 1987 4 7 5 2 3 5 4
Коновалова Анастасия Алексеевна 1980 4 5 3 4 3 4 5
Никольский Руслан Артёмович 1984 2 4 2 4 2 3 5
Демин Юрий Петрович 2004 3 2 3 4 4 4 3
Марков Леонид Романович 1990 4 5 4 4 2 3 4
Лаптев Сергей Никитич 1980 3 1 5 5 3 4 3
Казаков Николай Михайлович 2009 4 4 5 4 3 5 3
Сахаров Богдан Фёдорович 1995 5 6 5 4 4 3 3
Казакова Елизавета Николаевна 1983 4 3 2 4 4 5 3
Лебедева Варвара Робертовна 1990 4 7 3 2 4 5 2
Костин Арсений Павлович 2001 4 3 3 3 3 2 4
Орлов Андрей Дмитриевич 1994 4 2 4 5 2 3 4
Шилов Михаил Дмитриевич 1987 5 5 4 5 3 5 3
Туманова Амина Фёдоровна 1996 2 7 4 2 5 2 5
Карасева Елизавета Матвеевна 1996 3 4 2 3 3 3 3
Смирнова Елизавета Филипповна 2002 4 2 4 3 3 4 4
Мельникова Полина Ильинична 1990 4 5 4 4 5 2 3
Поляков Дамир Константинович 1980 4 5 3 3 4 3 3
Лавров Даниил Иванович 2009 2 2 2 4 3 3 2
Павлова Евдокия Тимофеевна 1983 1 2 2 3 3 3 3
Шаров Константин Никитич 2004 4 5 4 4 5 4 5
Казакова Дарья Александровна 2009 1 4 2 3 3 4 4
Селезнева Дарья Матвеевна 1982 3 4 4 2 3 4 4
Баженова Майя Александровна 2000 4 3 3 5 5 4 4
Лазарева Мира Кирилловна 1993 1 5 4 3 3 4 5
Рябов Ярослав Фёдорович 2004 4 4 2 2 4 4 5
Семенова Алина Леонидовна 2008 4 6 4 5 2 3 4
Макарова Наталья Николаевна 2006 4 3 3 4 5 3 4
Сорокина София Мироновна 1982 5 5 3 5 4 2 3
Никонова Варвара Вячеславовна 1982 2 4 3 2 5 5 3
Головин Максим Игоревич 2004 4 5 5 4 2 5 3
Горюнов Олег Савельевич 2009 2 3 5 4 3 3 2
Соколов Владимир Сергеевич 1993 4 6 5 5 2 4 3
Громов Илья Кириллович 2002 3 5 4 3 4 4 3
Назарова Анастасия Ильинична 1995 5 6 5 3 2 2 3
Давыдова Мария Михайловна 1999 2 3 2 4 4 4 3
Морозова Елена Адамовна 1987 4 2 5 3 2 3 3
Ерофеев Марсель Даниилович 2003 3 4 3 4 3 3 3
Винокурова Аврора Алексеевна 2007 2 4 4 5 3 4 3
Сафонова Вера Данииловна 2003 4 2 2 3 2 3 5
Митрофанова Милана Адамовна 1992 2 3 5 2 3 3 4
Иванов Денис Даниилович 1990 4 3 3 4 3 4 4
Егоров Марк Анатольевич 2006 2 6 3 4 4 4 3
Смирнова Анна Артуровна 2004 2 4 4 5 3 4 2
Никонов Максим Артёмович 1983 2 7 4 2 4 5 3
Сергеев Иван Владиславович 1981 3 7 4 3 4 4 4
Новикова Мария Ивановна 2007 4 6 3 3 2 2 4
Александрова Валерия Давидовна 1988 3 6 2 3 3 3 3
Коновалов Даниил Ибрагимович 1983 2 3 3 3 3 5 5
Клюева Лилия Львовна 1986 4 3 3 5 2 2 3
Нефедов Дмитрий Игоревич 2006 3 6 2 5 2 5 4
Баранова Фатима Никитична 1993 4 5 3 2 2 5 5
Смирнова Мария Денисовна 1984 2 5 3 3 2 5 3
Лопатина Елизавета Артёмовна 1992 1 6 4 5 3 4 3
Терентьев Иван Николаевич 2007 4 4 5 3 5 3 3
Князев Александр Святославович 1992 3 6 3 2 2 2 3
Дмитриева Юлия Савельевна 2006 3 3 3 3 3 3 3
Зотов Денис Михайлович 1996 4 6 3 4 2 3 4
Трифонов Роман Никитич 1981 4 4 4 2 5 2 3
Родин Никита Матвеевич 2007 1 5 4 4 3 4 3
Назарова Александра Макаровна 2006 4 6 3 4 4 3 3
Григорьева Юлиана Максимовна 2009 1 6 4 4 3 4 4
Сафонов Сергей Матвеевич 1988 4 4 4 3 3 2 4
Токарева Дарья Игоревна 1988 3 2 3 3 3 2 3
Петухов Лев Степанович 2008 1 5 3 3 3 4 4
Логинова Юлия Саввична 1982 3 5 3 5 3 4 4
Петрова Ева Михайловна 2010 3 2 5 5 4 5 5
Филиппова Екатерина Алексеевна 2004 4 3 4 4 3 3 4
Гордеев Егор Артёмович 2008 3 6 5 3 4 2 4
Медведева Ангелина Павловна 1988 5 7 5 2 5 2 3
Кузина Мирослава Матвеевна 2003 5 5 2 2 3 4 3
Михайлова Вероника Львовна 2000 4 2 4 4 3 4 2
Васильева Варвара Платоновна 1996 2 3 4 3 3 4 2
Устинова Юлия Андреевна 1992 3 7 3 2 3 5 4
Зуева Ксения Георгиевна 1987 5 5 4 2 5 5 5
Медведев Алексей Маркович 1986 4 2 4 4 3 4 3
Добрынина Алиса Лукинична 1996 1 5 4 2 2 4 4
Абрамова Алиса Артёмовна 1992 4 7 3 4 3 3 4
Попова Алиса Ивановна 1992 2 2 3 4 3 4 3
Назаров Александр Русланович 2007 5 2 3 3 5 3 5
Медведева Кристина Михайловна 1984 2 2 5 5 4 2 3
Лаврова Евангелина Алексеевна 1993 4 3 5 4 4 2 3
Степанов Максим Дмитриевич 1987 5 4 5 4 4 5 5
Чернов Александр Сергеевич 1998 2 7 4 4 3 5 4
Большакова Софья Андреевна 1994 2 6 3 3 4 4 2
Лапина Ксения Всеволодовна 2000 3 5 2 2 5 2 4
Черкасов Гордей Алексеевич 1997 1 5 3 4 2 5 4
Власов Егор Константинович 1983 2 2 4 5 3 5 5
Герасимова Сабина Марковна 1993 2 5 5 2 3 4 2
Петров Степан Арсентьевич 2001 2 2 4 4 4 4 5
Сальникова Алиса Данииловна 1981 5 2 3 3 5 4 3
Сухова Вероника Демьяновна 2009 3 6 3 5 3 3 5
Кочетков Владимир Максимович 1993 5 2 2 3 4 3 2
Яковлева Мария Михайловна 1997 3 2 4 3 2 4 4
Афанасьева Станислава Романовна 1983 4 1 3 4 4 5 3
Гришин Константин Филиппович 2004 2 5 3 5 4 4 5
Шишкина Ева Тихоновна 1981 5 7 4 2 4 3 3
Борисова Анастасия Марковна 2007 3 1 5 5 4 4 4
Филиппова София Артёмовна 2000 4 7 2 3 2 3 3
Симонова Арина Львовна 1985 2 2 2 2 4 4 3
Пантелеева София Александровна 1981 1 2 2 5 3 4 5
Серебряков Михаил Николаевич 1996 2 2 3 4 5 4 4
Артамонов Владимир Львович 1999 2 4 3 4 5 3 4
Ершова Екатерина Максимовна 1987 3 5 4 5 3 3 2
Егорова Арина Германовна 1993 4 5 3 3 3 4 4
Киселева Фатима Данииловна 2008 4 3 2 4 2 4 5
Баженов Михаил Александрович 2009 3 5 4 5 4 3 2
Фролов Глеб Тимофеевич 2003 4 6 3 2 3 2 5
Ушаков Тимофей Юрьевич 1996 2 7 5 5 4 3 4
Родионов Григорий Никитич 2001 4 6 5 5 2 5 3
Анисимов Семён Артемьевич 1989 4 5 4 4 5 3 3
Соколова Юлия Владимировна 1986 3 2 2 4 4 4 3
Волкова Диана Николаевна 1980 4 2 3 5 5 3 4
Лазарева Асия Святославовна 1981 2 2 4 4 3 3 5
Семенова Варвара Дмитриевна 2002 2 2 4 4 5 3 4
Лебедев Андрей Константинович 2004 4 6 3 3 4 5 4
Руднев Платон Михайлович 2000 4 3 2 4 4 4 4
Мартынов Всеволод Артурович 2000 5 4 3 3 5 4 4
Селиванова Юлия Сергеевна 1992 3 3 2 4 3 3 4
Русакова Малика Григорьевна 2008 2 2 4 4 3 4 5
Ермилов Тимур Артёмович 2001 1 5 4 5 5 3 5
Горелова София Михайловна 1991 4 5 2 3 3 4 4
Соколова Арина Даниловна 2001 2 3 3 3 4 5 2
Казаков Даниил Матвеевич 1998 4 1 4 4 2 3 5
Хомякова София Артёмовна 1999 2 4 4 5 4 4 4
Елизарова Арина Андреевна 1993 4 2 3 2 4 5 4
Егорова Алия Константиновна 1981 2 4 2 5 3 5 2
Глушков Михаил Алексеевич 1994 3 2 2 2 4 2 4
Ефимова Милана Владиславовна 2005 4 3 3 3 4 3 3
Комарова Нина Егоровна 2008 2 1 5 3 3 5 3
Смирнова Кира Ярославовна 2001 2 3 4 5 3 2 3
Гурова Анастасия Александровна 1985 1 3 4 4 4 4 4
Тихонова Алина Михайловна 1994 5 2 5 5 3 5 2
Потапова Кира Никитична 2010 5 1 3 4 3 4 2
Исакова Виктория Ярославовна 2000 3 4 2 2 4 2 3
Котова Анна Максимовна 2008 2 6 3 2 2 4 2
Греков Никита Семёнович 2007 1 3 4 2 5 4 3
Козлов Дмитрий Святославович 1994 2 5 3 3 3 5 5
Яковлева Амира Михайловна 2005 5 7 4 5 2 4 3
Волкова Ульяна Яковлевна 1985 1 4 4 3 5 5 4
Абрамов Платон Артёмович 1994 4 3 4 3 2 4 4
Елисеева Амира Захаровна 1987 4 3 3 2 5 5 3
Степанова Агата Арсентьевна 1984 4 7 2 5 3 4 5
Богданов Михаил Артурович 1985 3 4 2 3 5 3 5
Павлов Егор Алексеевич 2007 3 2 5 3 4 3 5
Гусев Даниил Святославович 1982 2 2 2 5 4 5 2
Андреева Ольга Дмитриевна 2002 3 6 3 4 4 3 2
Седова Маргарита Львовна 1994 2 7 5 4 5 2 4
Ефимов Евгений Глебович 2004 4 6 3 4 2 5 3
Кузнецов Елисей Георгиевич 1987 2 5 3 5 5 5 3
Тарасова Валерия Алексеевна 1996 3 3 4 4 4 2 4
Бессонова Алиса Марковна 1994 5 2 5 3 3 3 3
Евдокимова Вероника Кирилловна 1983 2 2 5 5 3 3 5
Щербаков Артём Тимурович 1993 2 2 3 4 3 4 3
Власова Виктория Владиславовна 1993 3 5 4 2 2 4 5
Ефимов Артём Миронович 1995 5 3 4 5 4 4 3
Соколова Екатерина Владимировна 2001 3 3 3 3 4 5 3
Акимова Ксения Фёдоровна 1998 5 7 5 4 3 3 4
Яковлев Антон Павлович 2005 4 7 3 5 4 5 5
Лукин Марк Андреевич 2009 2 3 3 3 4 4 3
Носов Александр Романович 1998 4 1 3 4 2 5 4
Иванова София Игоревна 1990 5 3 5 4 4 4 3
Денисова Яна Максимовна 2005 1 4 5 3 3 4 3
Кулешов Роман Иванович 1980 1 2 5 2 2 3 2
Сидорова Екатерина Данииловна 2009 5 1 3 3 5 3 4
Самойлова Дарья Антоновна 2006 4 4 4 5 4 3 5
Медведева Елизавета Матвеевна 2004 3 5 5 3 3 3 4
Савин Игорь Семёнович 1994 5 3 3 3 2 3 4
Беляев Давид Вячеславович 1996 2 4 2 3 4 5 4
Тимофеев Александр Фёдорович 1990 1 4 4 3 3 5 5
Лебедев Максим Андреевич 2003 3 4 3 3 5 2 4
Семенов Фёдор Александрович 1981 2 3 3 5 4 5 4
Ушаков Максим Вячеславович 1996 1 2 3 2 4 3 4
Скворцова Елизавета Максимовна 1995 4 3 4 2 4 5 2
Щербаков Дмитрий Романович 1988 2 4 4 4 4 3 3
Кузин Андрей Александрович 2003 3 3 3 4 4 4 5
Королев Иван Алексеевич 1985 3 7 4 3 3 5 3
Сорокин Никита Елисеевич 1989 5 3 4 4 4 4 3
Гусева Елизавета Львовна 2008 3 4 4 3 4 4 2
Шевелев Александр Артёмович 2000 4 1 3 4 2 3 3
Волков Денис Артёмович 2006 5 6 4 2 3 2 2
Макарова Ева Владимировна 1997 1 5 4 3 4 2 4
Данилов Алексей Арсентьевич 1989 2 5 4 5 5 4 4
Андреева Мария Фёдоровна 2000 3 2 2 5 3 4 4
Суслова Ульяна Георгиевна 2000 4 3 3 2 5 4 4
Ульянов Пётр Тимофеевич 2007 5 2 5 5 4 4 3
Кузнецов Давид Тимофеевич 1998 2 2 4 2 4 2 5
Тихонова Дарина Ильинична 1986 2 6 3 4 3 4 5
Кузьмина Мадина Руслановна 1982 5 3 4 3 4 2 3
Медведева Мария Ивановна 1994 3 5 4 2 5 3 3
Березина Ксения Кирилловна 1998 5 2 4 4 4 2 4
Пирогова Софья Данииловна 1996 2 2 4 5 3 4 4
Бурова Милана Данииловна 1983 5 4 3 3 5 4 2
Краснова Дана Данииловна 1993 4 4 2 5 3 4 4
Латышева Елизавета Дмитриевна 1986 3 2 2 2 4 4 2
Покровская Алиса Дмитриевна 2009 4 5 5 2 3 3 4
Носков Роман Ильич 1998 1 3 3 4 2 4 3
Селезнев Давид Михайлович 1990 2 5 4 2 4 2 3
Сорокина Кира Александровна 1999 4 2 3 4 3 5 4
Муравьев Владимир Иванович 1982 4 5 4 5 3 4 3
Руднева Мария Семёновна 1981 5 1 2 5 4 4 3
Бородин Егор Сергееви 1999 5 4 3 4 3 3 5